0 0 0
0 0.005 -7.85046e-19
0 0.011 -1.7271e-18
0 0.016 -2.51215e-18
0 0.021 -3.29719e-18
0 0.027 -4.23925e-18
0 0.032 -5.0243e-18
0 0.037 -5.80934e-18
0 0.043 -6.7514e-18
0 0.048 -7.53644e-18
0 0.053 -8.32149e-18
0 0.059 -9.26355e-18
0 0.064 -1.00486e-17
0 0.069 -1.08336e-17
0 0.075 -1.17757e-17
0 0.08 -1.25607e-17
0 0.109 -1.7114e-17
0 0.138 -2.16673e-17
0 0.166 -2.60635e-17
0 0.195 -3.06168e-17
0 0.224 -3.51701e-17
0 0.253 -3.97233e-17
0 0.282 -4.42766e-17
0 0.31 -4.86729e-17
0 0.339 -5.32261e-17
0 0.368 -5.77794e-17
0 0.397 -6.23327e-17
0 0.426 -6.68859e-17
0 0.454 -7.12822e-17
0 0.483 -7.58355e-17
0 0.512 -8.03887e-17
0 0.541 -8.4942e-17
0 0.57 -8.94953e-17
0 0.598 -9.38915e-17
0 0.627 -9.84448e-17
0 0.656 -1.02998e-16
0 0.685 -1.07551e-16
0 0.714 -1.12105e-16
0 0.742 -1.16501e-16
0 0.771 -1.21054e-16
0 0.8 -1.25607e-16
0 0.829 -1.30161e-16
0 0.858 -1.34714e-16
0 0.886 -1.3911e-16
0 0.915 -1.43663e-16
0 0.944 -1.48217e-16
0 0.973 -1.5277e-16
0 1.002 -1.57323e-16
0 1.03 -1.6172e-16
0 1.059 -1.66273e-16
0 1.088 -1.70826e-16
0 1.117 -1.75379e-16
0 1.146 -1.79933e-16
0 1.174 -1.84329e-16
0 1.203 -1.88882e-16
0 1.232 -1.93435e-16
0 1.261 -1.97989e-16
0 1.29 -2.02542e-16
0 1.318 -2.06938e-16
0 1.347 -2.11491e-16
0 1.376 -2.16045e-16
0 1.405 -2.20598e-16
0 1.434 -2.25151e-16
0 1.462 -2.29548e-16
0 1.491 -2.34101e-16
0 1.52 -2.38654e-16
0 1.525 -2.39439e-16
0 1.531 -2.40381e-16
0 1.536 -2.41166e-16
0 1.541 -2.41951e-16
0 1.547 -2.42893e-16
0 1.552 -2.43678e-16
0 1.557 -2.44463e-16
0 1.563 -2.45405e-16
0 1.568 -2.4619e-16
0 1.573 -2.46976e-16
0 1.579 -2.47918e-16
0 1.584 -2.48703e-16
0 1.589 -2.49488e-16
0 1.595 -2.5043e-16
0 1.6 -2.51215e-16
