0 1.07966 -0.047139
0 1.2095 -0.052808
0 1.32544 -0.0578701
0 1.43124 -0.0624894
0 1.52922 -0.0667672
0 1.62092 -0.070771
0 1.70744 -0.0745483
0 1.78957 -0.0781341
0 1.86793 -0.0815554
0 1.943 -0.0848332
0 2.01517 -0.0879843
0 2.08476 -0.0910226
0 2.15202 -0.0939594
0 2.21719 -0.0968045
0 2.28044 -0.099566
0 2.34193 -0.102251
0 2.40181 -0.104865
0 2.46019 -0.107414
0 2.51719 -0.109903
0 2.5729 -0.112335
0 2.62741 -0.114715
0 2.68078 -0.117045
0 2.73309 -0.119329
0 2.7844 -0.121569
0 2.83476 -0.123768
0 2.88423 -0.125928
0 2.93285 -0.128051
0 2.98066 -0.130139
0 3.02771 -0.132193
0 3.07403 -0.134215
0 3.11964 -0.136207
0 3.1646 -0.138169
0 3.20891 -0.140104
0 3.25261 -0.142012
0 3.29572 -0.143894
0 3.33827 -0.145752
0 3.38028 -0.147586
0 3.42176 -0.149397
0 3.46275 -0.151187
0 3.50324 -0.152955
0 3.54327 -0.154703
0 3.58285 -0.156431
0 3.62199 -0.158139
0 3.66071 -0.15983
0 3.69901 -0.161502
0 3.73692 -0.163158
0 3.77445 -0.164796
0 3.8116 -0.166418
0 3.84839 -0.168024
0 3.88483 -0.169615
0 3.92093 -0.171191
0 3.95669 -0.172753
0 3.99214 -0.1743
0 4.02726 -0.175834
0 4.06208 -0.177354
0 4.09661 -0.178862
0 4.13084 -0.180356
0 4.16478 -0.181838
0 4.19846 -0.183309
0 4.23186 -0.184767
0 4.26499 -0.186214
0 4.29787 -0.187649
0 4.3305 -0.189074
0 4.36288 -0.190488
0 4.39502 -0.191891
0 4.42693 -0.193284
0 4.45861 -0.194667
0 4.49006 -0.19604
0 4.52129 -0.197404
0 4.55231 -0.198758
0 4.58311 -0.200103
0 4.61371 -0.201439
0 4.6441 -0.202766
0 4.6743 -0.204084
0 4.7043 -0.205394
0 4.73411 -0.206696
0 4.76373 -0.207989
0 4.79317 -0.209274
0 4.82242 -0.210552
0 4.8515 -0.211821
0 4.90533 -0.214171
